0.7317980324541177
2.0340404284608913
2.2429279001251605
2.284231091915178
1.8305153647705372
1.01427812641698
0.7270344963600724
2.282556645990432
2.098513150246298
2.0663277085478096
2.2854188177455947
2.032253110317967
2.104550914035976
1.8372812569846226
0.9953075070754092
0.7187872595875378
1.01574169677582
2.100282564655733
2.2502782803417083
1.014469620440192
2.031016407284922
0.9965102836241904
0.7306587816794564
1.0212426971612338
2.249934997964824
2.0816250420701436
1.8381234540962537
2.2977960686127763
0.32541905697372125
2.034664970075791
0.7321928781908729
0.9960528428254265
2.2424034743978005
1.61727133407196
2.115102974572442
1.0204081632653061
2.1090368564773923
2.2394418909196707
1.016094417161859
2.0451611544477766
0.24961823105778266
-0.7530489140273297
-0.6067422680625835
0.16136762443442787
0.16136762443442787
0.46904189483360237
0.8866875435411786
0.16136762443442787
-0.4147927106670997
1.056456353229922
1.55988703619947
-0.4303136651584739
-3.9469062871177645
0.6304095192680302
0.32273524886885574
-0.914416538461758
-0.3958522666799288
1.5549686415024726
0.7253199191067508
0.32273524886885574
0.32273524886885574
-0.4651624293161128
0.7337211043610663
0.3371446638381229
-0.8866875435411786
2.709754499787151
-1.5598870361994694
0.4841028733032836
-0.5916812895929018
-1.237151787330614
-0.5572198911143567
-0.25342508623267185
-0.28938538991241775
-2.709754499787151
0.16136762443442787
0.8950887287954942
0.6731994926582908
0.16136762443442787
0.8655457250139453
1.5598870361994694
1.5598870361994694
1.237151787330614
0.16136762443442787
3.9469062871177645
0.4303136651584739
